image_width: 640
image_height: 512
camera_name: narrow_stereo
camera_matrix:
  rows: 3
  cols: 3
  data: [711.445364, 0.000000, 317.428183, 0.000000, 710.517797, 254.189155, 0.000000, 0.000000, 1.000000]
distortion_model: plumb_bob
distortion_coefficients:
  rows: 1
  cols: 5
  data: [-0.236743, -0.042834, 0.000888, -0.000991, 0.000000]
rectification_matrix:
  rows: 3
  cols: 3
  data: [1.000000, 0.000000, 0.000000, 0.000000, 1.000000, 0.000000, 0.000000, 0.000000, 1.000000]
projection_matrix:
  rows: 3
  cols: 4
  data: [671.602356, 0.000000, 316.519209, 0.000000, 0.000000, 686.538757, 254.332920, 0.000000, 0.000000, 0.000000, 1.000000, 0.000000]
