image_width: 672
image_height: 376
camera_name: zed/left
camera_matrix:
  rows: 3
  cols: 3
  data: [351.087640, 0.000000, 337.599686, 0.000000, 351.004496, 193.493580, 0.000000, 0.000000, 1.000000]
distortion_model: plumb_bob
distortion_coefficients:
  rows: 1
  cols: 5
  data: [-0.166992, 0.031731, 0.002833, 0.000323, 0.000000]
rectification_matrix:
  rows: 3
  cols: 3
  data: [0.999341, 0.000099, -0.036288, 0.000041, 0.999993, 0.003857, 0.036288, -0.003856, 0.999334]
projection_matrix:
  rows: 3
  cols: 4
  data: [358.529969, 0.000000, 362.936237, 0.000000, 0.000000, 358.529969, 188.529743, 0.000000, 0.000000, 0.000000, 1.000000, 0.000000]
