image_width: 1280
image_height: 720
camera_name: zed/left
camera_matrix:
  rows: 3
  cols: 3
  data: [701.027680, 0.000000, 639.252473, 0.000000, 700.144686, 371.672457, 0.000000, 0.000000, 1.000000]
distortion_model: plumb_bob
distortion_coefficients:
  rows: 1
  cols: 5
  data: [-0.171607, 0.025746, 0.001324, -0.000930, 0.000000]
rectification_matrix:
  rows: 3
  cols: 3
  data: [0.999981, -0.002404, 0.005590, 0.002341, 0.999934, 0.011208, -0.005617, -0.011194, 0.999922]
projection_matrix:
  rows: 3
  cols: 4
  data: [693.172274, 0.000000, 628.266212, 0.000000, 0.000000, 693.172274, 349.947464, 0.000000, 0.000000, 0.000000, 1.000000, 0.000000]
