image_width: 1280
image_height: 720
camera_name: zed/right
camera_matrix:
  rows: 3
  cols: 3
  data: [700.187722, 0.000000, 641.248870, 0.000000, 699.757218, 330.073207, 0.000000, 0.000000, 1.000000]
distortion_model: plumb_bob
distortion_coefficients:
  rows: 1
  cols: 5
  data: [-0.174720, 0.025240, -0.000252, -0.000938, 0.000000]
rectification_matrix:
  rows: 3
  cols: 3
  data: [0.999986, -0.001631, 0.005038, 0.001687, 0.999936, -0.011197, -0.005020, 0.011205, 0.999925]
projection_matrix:
  rows: 3
  cols: 4
  data: [693.172274, 0.000000, 628.266212, -83.243404, 0.000000, 693.172274, 349.947464, 0.000000, 0.000000, 0.000000, 1.000000, 0.000000]
