image_width: 672
image_height: 376
camera_name: zed/right
camera_matrix:
  rows: 3
  cols: 3
  data: [358.601746, 0.000000, 335.011174, 0.000000, 358.378270, 178.059030, 0.000000, 0.000000, 1.000000]
distortion_model: plumb_bob
distortion_coefficients:
  rows: 1
  cols: 5
  data: [-0.156551, 0.018860, 0.002804, -0.001476, 0.000000]
rectification_matrix:
  rows: 3
  cols: 3
  data: [0.998947, 0.001982, -0.045833, -0.002159, 0.999990, -0.003809, 0.045825, 0.003904, 0.998942]
projection_matrix:
  rows: 3
  cols: 4
  data: [358.529969, 0.000000, 362.936237, -42.917623, 0.000000, 358.529969, 188.529743, 0.000000, 0.000000, 0.000000, 1.000000, 0.000000]
